TSP USING GA
Developed by Jugen Gawande
Run Test 2020-03-22 13:20:35.113540
POPULATION SIZE= 
MUTATION RATE= 
Successfully added cities from data.
DISTANCE MATRIX=
           0          1          2          3   ...         10         11         12         13
0    0.000000  54.773225  45.658960  42.029454  ...  51.106819  10.390598  51.904146  20.331958
1   54.773225   0.000000  68.271066  45.678842  ...  20.412598  64.537277  30.808909  51.039095
2   45.658960  68.271066   0.000000  82.288911  ...  50.958418  51.168335  42.911225  64.535357
3   42.029454  45.678842  82.288911   0.000000  ...  57.961693  45.640079  65.543104  22.887352
4   43.217097  54.764850  14.401838  74.253893  ...  36.731547  51.098494  28.510220  59.446348
5   43.205582  22.758205  72.080483  22.920690  ...  36.912330  51.081360  45.791797  32.374102
6   22.769634  43.255511  30.516486  52.130340  ...  32.444970  32.380180  30.525324  36.845823
7   22.831269  40.721275  62.131194  20.358579  ...  45.826845  28.982552  51.118842  10.318774
8   30.618416  28.706295  42.025428  45.734147  ...  20.488427  41.009011  22.760032  36.916192
9   40.635151  79.494075  20.635150  82.084025  ...  65.363444  41.903052  59.240223  60.966033
10  51.106819  20.412598  50.958418  57.961693  ...   0.000000  61.497405  10.401327  55.198204
11  10.390598  64.537277  51.168335  45.640079  ...  61.497405   0.000000  62.116026  22.752779
12  51.904146  30.808909  42.911225  65.543104  ...  10.401327  62.116026   0.000000  59.595944
13  20.331958  51.039095  64.535357  22.887352  ...  55.198204  22.752779  59.595944   0.000000

[14 rows x 14 columns]Initial Population Generated.
Algorithm Completed.
GENERATIONS EVOLVED=
MINIMAL DISTANCE=
BEST ROUTE FOUND=
